Average marks in group 0

|    Student Name|      Geography|     Literature| Circuit Design|        Russian|    Programming|        Biology|        Ecology|           Math|        Physics|        English|      Chemistry|      Ukrainian|     Algorithms|     Philosophy|Electrical Engineering|
|----------------------------------------------------------------------------------------------------------------------------------------------------------------------------------------------------------------------------------------------------------------|
|  0-     Efremov|       23,66667|       56,50000|               |               |       49,00000|       56,00000|       11,00000|       45,66667|       46,00000|       92,50000|       62,66667|       57,00000|               |       71,00000|       39,00000|
|----------------------------------------------------------------------------------------------------------------------------------------------------------------------------------------------------------------------------------------------------------------|
|  1-       Voron|       45,75000|       83,00000|       42,00000|       59,50000|       26,50000|       75,00000|               |       84,00000|       74,00000|       15,00000|       66,00000|       51,00000|       54,00000|               |       68,50000|
|----------------------------------------------------------------------------------------------------------------------------------------------------------------------------------------------------------------------------------------------------------------|
|  2-        Klon|               |       54,00000|       41,25000|       45,50000|       36,66667|       16,00000|       39,00000|       51,75000|       60,00000|       65,75000|               |       53,50000|       54,00000|               |       54,00000|
|----------------------------------------------------------------------------------------------------------------------------------------------------------------------------------------------------------------------------------------------------------------|
|  3-       Voron|       64,00000|       65,50000|       48,40000|       71,00000|               |       44,00000|       51,85714|               |       74,00000|               |       38,00000|               |               |       82,00000|       96,00000|
|----------------------------------------------------------------------------------------------------------------------------------------------------------------------------------------------------------------------------------------------------------------|
|  4-     Efremov|       13,00000|       76,50000|       52,66667|       70,00000|       55,16667|       19,00000|       81,00000|       48,00000|       25,50000|               |               |       76,50000|       25,00000|       66,00000|       69,25000|
|----------------------------------------------------------------------------------------------------------------------------------------------------------------------------------------------------------------------------------------------------------------|
|  5-       Voron|       14,50000|       34,00000|       40,66667|       42,33333|               |       69,50000|       69,25000|       42,00000|       87,00000|               |       48,00000|       56,00000|       45,00000|       43,00000|       68,60000|
|----------------------------------------------------------------------------------------------------------------------------------------------------------------------------------------------------------------------------------------------------------------|
|  6-      Petrov|       75,50000|       18,00000|       65,50000|       30,33333|               |               |               |       36,66667|       10,00000|       55,00000|       72,50000|       84,00000|               |       47,00000|               |
|----------------------------------------------------------------------------------------------------------------------------------------------------------------------------------------------------------------------------------------------------------------|
|  7-      Ivanov|       53,25000|       88,00000|        1,00000|      100,00000|       42,66667|       77,00000|       61,33333|       75,00000|               |               |       28,00000|       68,66667|       60,00000|       93,00000|       93,00000|
|----------------------------------------------------------------------------------------------------------------------------------------------------------------------------------------------------------------------------------------------------------------|
|  8-       Burak|        7,00000|       76,00000|       13,00000|       50,14286|       62,00000|       32,75000|       80,50000|       79,00000|       56,00000|       38,60000|       71,66667|       48,00000|       96,00000|       35,00000|       56,00000|
|----------------------------------------------------------------------------------------------------------------------------------------------------------------------------------------------------------------------------------------------------------------|
|  9-     Antonov|       65,00000|       10,00000|       68,00000|       17,00000|       59,00000|       74,00000|       84,00000|       24,00000|       53,40000|               |       39,66667|       61,00000|       28,50000|       11,00000|       17,00000|